1e-4
.00010473709
.00010969858
.0001148951
.000120337784
.000126038293
.00013200884
.000138262217
.000144811823
.000151671689
.000158856513
.000166381689
.000174263339
.000182518349
.000191164408
.000200220037
.00020970464
.000219638537
.000230043012
.000240940356
.000252353917
.000264308149
.000276828663
.000289942285
.000303677112
.000318062569
.000333129479
.000348910121
.000365438307
.000382749448
.000400880633
.000419870708
.000439760361
.000460592204
.00048241087
.000505263107
.000529197874
.000554266452
.000580522552
.000608022426
.000636824994
.000666991966
.000698587975
.000731680714
.000766341087
.000802643352
.000840665289
.000880488358
.000922197882
.000965883224
.00101163798
.00105956018
.0011097525
.00116232247
.00121738273
.00127505124
.00133545156
.0013987131
.0014649714
.00153436841
.00160705282
.00168318035
.00176291412
.00184642494
.00193389175
.00202550194
.00212145178
.00222194686
.00232720248
.00243744415
.00255290807
.00267384162
.00280050389
.00293316628
.003072113
.00321764175
.00337006433
.0035297073
.00369691271
.00387203878
.00405546074
.00424757155
.00444878283
.00465952567
.00488025158
.00511143348
.00535356668
.00560716994
.00587278661
.00615098579
.00644236351
.00674754405
.00706718127
.00740196
.00775259749
.00811984499
.00850448934
.00890735464
.00932930403
.00977124154
.010234114
.0107189132
.0112266777
.0117584955
.012315506
.0128989026
.0135099352
.014149913
.0148202071
.0155222536
.0162575567
.0170276917
.0178343088
.018679136
.0195639834
.0204907469
.021461412
.0224780583
.0235428641
.0246581108
.0258261876
.0270495973
.028330961
.0296730241
.0310786619
.032550886
.0340928507
.0357078596
.037399373
.0391710149
.0410265811
.042970047
.0450055768
.0471375313
.0493704785
.0517092024
.0541587138
.0567242607
.0594113398
.0622257084
.065173396
.0682607183
.0714942899
.0748810386
.0784282206
.0821434358
.0860346442
.0901101825
.0943787828
.0988495905
.103532184
.108436597
.113573336
.118953407
.124588336
.130490198
.136671636
.143145894
.149926843
.157029012
.164467618
.172258597
.180418641
.188965234
.197916687
.207292178
.217111795
.227396575
.238168555
.249450814
.261267523
.273644
.286606762
.300183581
.314403547
.329297126
.344896226
.36123427
.378346262
.396268864
.415040476
.434701316
.455293507
.47686117
.499450512
.523109931
.547890118
.573844165
.601027678
.629498899
.659318827
.690551352
.72326339
.757525026
.793409667
.830994195
.870359136
.91158883
.954771611
1
