1.41575291
1.48040253
1.54800277
1.61868811
1.69259904
1.76988242
1.85069177
1.93518755
2.02353745
2.11591671
2.21250849
2.31350422
2.41910392
2.5295165
2.64496028
2.7656634
2.89186414
3.02381112
3.16176407
3.30599428
3.45678508
3.61443203
3.77924373
3.9515424
4.1316644
4.31995996
4.51679417
4.72254795
4.93761867
5.16241998
5.39738239
5.64295466
5.89960455
6.16781808
6.44809911
6.7409719
7.04698199
7.36669566
7.70069769
8.04959471
8.41401659
8.79461593
9.19206248
9.60704702
10.04028425
10.49251252
10.96448482
11.45697034
11.97076053
12.50666892
13.06551933
13.64814006
14.25537546
14.88808607
15.54713612
16.23337437
16.9476517
17.69082257
18.4637345
19.2671934
20.10198191
20.9688653
21.8685834
22.80181063
23.76916196
24.77120565
25.80845632
26.88134612
27.99021373
29.13531623
30.31682241
31.53480344
32.78922351
34.07993339
35.40666243
36.76901812
38.16649951
39.5984711
41.06414957
42.56258308
44.09256192
45.65265096
47.24121703
48.85641811
50.49613769
52.1579833
53.8393244
55.53728121
57.24830989
58.96795903
60.69136227
62.41328341
64.12831616
65.8312479
67.51668884
69.17900824
70.81200824
72.40741973
73.9560017
75.44814695
76.87405287
78.22493305
79.49270678
80.66934621
81.74681955
82.71404066
83.55638491
84.25914799
84.80794362
85.19031458
85.39747135
85.42197239
85.25751448
84.89809625
84.33528896
83.56141158
82.5707419
81.36033357
79.93429795
78.30107406
76.47098127
74.45710108
72.28048337
69.96521971
67.53556607
65.02250705
62.46196048
59.88741653
57.3384008
54.85577331
52.47220086
50.20915049
48.08557503
46.13607504
44.39217344
42.83322385
41.41737106
40.11042485
38.87749258
37.67215471
36.44284011
35.13027616
33.66131344
31.99213824
30.11880916
28.08093974
25.96570703
23.87381565
21.9038558
20.14720488
18.67622742
17.52295731
16.65336771
15.96413662
15.31260973
14.56329223
13.63561267
12.53622123
11.35263211
10.22269414
9.29062714
8.61932238
8.14166314
7.72406982
7.2328905
6.61295701
5.94705655
5.36500086
4.93656194
4.61764806
4.29843117
3.91790726
3.5298432
3.21042514
2.96468267
2.72899733
2.47492503
2.24066805
2.04885068
1.87347387
1.69797067
1.54035015
1.40311769
1.27293046
1.15305414
1.04646454
.94760664
.85762942
.77623378
.70164176
.63414461
.57281037
.51704837
.46642036
.42051175
.37893168
.34130325
.30726725
.27649499
.24868649
